title: Destiny 2 God Rolls

//notes:Auto Rifles
dimwishlist:item=601592879&perks=1392496348,1885400500,2387244414,1015611457,384158423
dimwishlist:item=601592879&perks=1392496348,1885400500,1359896290,1015611457,384158423
dimwishlist:item=2723909519&perks=839105230,3177308360,588594999,2846385770,384158423
dimwishlist:item=2723909519&perks=1820235745,3425386926
dimwishlist:item=2723909519&perks=1168162263,3425386926
dimwishlist:item=2723909519&perks=1168162263,3523296417
dimwishlist:item=2723909519&perks=1820235745,3523296417
dimwishlist:item=1839565992&perks=1885400500,1359896290,588594999,384158423
dimwishlist:item=3143732432&perks=1392496348,1885400500,2779035018,3425386926,384158423
dimwishlist:item=3143732432&perks=1392496348,1885400500,2779035018,4082225868,384158423
dimwishlist:item=3143732432&perks=1392496348,3230963543,2779035018,4082225868,384158423
dimwishlist:item=3143732432&perks=1392496348,3230963543,2779035018,3425386926,384158423
dimwishlist:item=1286686760&perks=1885400500,1168162263,2458213969,384158423
dimwishlist:item=1286686760&perks=1885400500,1168162263,2846385770,384158423
dimwishlist:item=1286686760&perks=1885400500,1359896290,2846385770,384158423
dimwishlist:item=1286686760&perks=1885400500,1359896290,2458213969,384158423
dimwishlist:item=1775804198&perks=1885400500,1168162263,1015611457,384158423
dimwishlist:item=1775804198&perks=1885400500,1168162263,3425386926,384158423
dimwishlist:item=821154603&perks=3661387068,3177308360,2387244414,384158423
dimwishlist:item=821154603&perks=4134353779,2387244414,384158423
dimwishlist:item=1518042134&perks=3177308360,1168162263,1015611457,384158423
dimwishlist:item=1789347249&perks=1392496348,1885400500,2387244414,1015611457,384158423
dimwishlist:item=1789347249&perks=3230963543,3400784728,1015611457
dimwishlist:item=819441402&perks=3230963543,1359896290,588594999,384158423
dimwishlist:item=1952163498&perks=1392496348,1885400500,1168162263,1015611457,384158423
dimwishlist:item=1952163498&perks=1392496348,1885400500,1168162263,3425386926,384158423
dimwishlist:item=1952163498&perks=1392496348,3230963543,1168162263,3425386926,384158423
dimwishlist:item=1952163498&perks=1392496348,3230963543,1168162263,1015611457,384158423
dimwishlist:item=3385326721&perks=1885400500,1168162263,1015611457,2697220197
dimwishlist:item=3385326721&perks=1885400500,1168162263,4082225868,2697220197
dimwishlist:item=3385326721&perks=1885400500,1168162263,3523296417,2697220197
dimwishlist:item=1561006927&perks=3230963543,1354429876,3425386926
dimwishlist:item=1690783811&perks=3177308360,2779035018,2458213969,384158423
dimwishlist:item=1690783811&perks=3177308360,2779035018,4082225868,384158423
dimwishlist:item=93253474&perks=1885400500,2848615171,3425386926,758092021
dimwishlist:item=1907698332&perks=1840239774,1885400500,1359896290,2846385770,384158423
dimwishlist:item=1907698332&perks=1392496348,1885400500,2387244414,2846385770,384158423
dimwishlist:item=1907698332&perks=1392496348,1885400500,1359896290,2846385770,384158423
dimwishlist:item=3863882743&perks=1885400500,1359896290,1015611457,384158423
dimwishlist:item=3863882743&perks=3230963543,1359896290,1015611457,384158423
dimwishlist:item=1518042135&perks=1885400500,1168162263,3425386926,384158423
dimwishlist:item=1518042135&perks=1885400500,1168162263,1015611457,384158423
dimwishlist:item=1518042135&perks=1885400500,1359896290,1015611457,384158423
dimwishlist:item=1251729046&perks=1885400500,2779035018,2458213969,384158423
dimwishlist:item=1251729046&perks=1885400500,2779035018,4082225868,384158423
dimwishlist:item=1251729046&perks=3661387068,1885400500,2779035018,4082225868,384158423
dimwishlist:item=1251729046&perks=1392496348,1885400500,2779035018,4082225868,384158423
dimwishlist:item=1251729046&perks=1392496348,1885400500,2779035018,2458213969,384158423
dimwishlist:item=1251729046&perks=3661387068,1885400500,2779035018,2458213969,384158423

//notes:Hand Cannons
dimwishlist:item=48643186&perks=247725512,1015611457
dimwishlist:item=2429822977&perks=1168162263,2846385770
dimwishlist:item=2429822977&perks=1168162263,3523296417
dimwishlist:item=2429822977&perks=1168162263,3425386926
dimwishlist:item=2429822977&perks=1168162263,47981717
dimwishlist:item=153979397&perks=1168162263,1015611457
dimwishlist:item=2742838701&perks=47981717,2846385770
dimwishlist:item=2112909414&perks=247725512,1015611457
dimwishlist:item=1200824700&perks=1820235745,3425386926
dimwishlist:item=410996590&perks=3523296417,3425386926
dimwishlist:item=410996590&perks=1820235745,3425386926
dimwishlist:item=2575506895&perks=4090651448,4134353779,1015611457,3425386926
dimwishlist:item=3924212056&perks=1820235745,3523296417
dimwishlist:item=3924212056&perks=1168162263,2458213969
dimwishlist:item=654370424&perks=1168162263,2848615171
dimwishlist:item=654370424&perks=1168162263,3425386926
dimwishlist:item=654370424&perks=1168162263,1015611457
dimwishlist:item=2138599001&perks=247725512,1015611457
dimwishlist:item=834081972&perks=247725512,3425386926
dimwishlist:item=834081972&perks=247725512,1015611457
dimwishlist:item=3116356268&perks=247725512,1015611457
dimwishlist:item=3569802112&perks=2779035018,1015611457
dimwishlist:item=334171687&perks=47981717,957782887

//notes:Pulse Rifles
dimwishlist:item=1167153950&perks=3661387068,1885400500,2779035018,2458213969,384158423
dimwishlist:item=3843477312&perks=1096957638,3177308360,2779035018,1015611457,186337601
dimwishlist:item=3843477312&perks=1096957638,3177308360,2779035018,3425386926,186337601
dimwishlist:item=2712244741&perks=1392496348,1885400500,1015611457,1168162263,384158423
dimwishlist:item=2712244741&perks=3661387068,1885400500,1015611457,1168162263,384158423
dimwishlist:item=2712244741&perks=3661387068,1885400500,3425386926,1168162263,384158423
dimwishlist:item=2712244741&perks=1392496348,1885400500,3425386926,1168162263,384158423
dimwishlist:item=568515759&perks=4090651448,679225683,1015611457,2213355989
dimwishlist:item=568515759&perks=1885400500,1168162263,3425386926,384158423
dimwishlist:item=1280933460&perks=839105230,1885400500,1168162263,1015611457,384158423
dimwishlist:item=1280933460&perks=839105230,1885400500,1168162263,3425386926,384158423
dimwishlist:item=1280933460&perks=1885400500,1168162263,3425386926,384158423
dimwishlist:item=1216130969&perks=1885400500,2779035018,2458213969,384158423
dimwishlist:item=1216130969&perks=839105230,1885400500,2779035018,2458213969,384158423
dimwishlist:item=1216130969&perks=1392496348,1885400500,2779035018,2458213969,384158423
dimwishlist:item=3199662972&perks=1885400500,1168162263,1015611457,384158423
dimwishlist:item=3199662972&perks=1885400500,1168162263,3425386926,384158423
dimwishlist:item=4138174248&perks=1885400500,1168162263,3425386926,384158423
dimwishlist:item=4138174248&perks=1885400500,1168162263,1015611457,384158423
dimwishlist:item=1071542914&perks=839105230,1885400500,2846385770,1015611457,384158423
dimwishlist:item=1071542914&perks=1392496348,1885400500,2846385770,1015611457,384158423
dimwishlist:item=1071542914&perks=1392496348,1885400500,2387244414,1015611457,384158423
dimwishlist:item=1071542914&perks=3661387068,1885400500,2387244414,1015611457,384158423
dimwishlist:item=188882152&perks=3177308360,1168162263,1015611457,384158423
dimwishlist:item=188882152&perks=3177308360,1168162263,3425386926,384158423
dimwishlist:item=792755504&perks=3177308360,1168162263,1015611457,384158423
dimwishlist:item=299665907&perks=1392496348,3177308360,2779035018,1015611457,384158423
dimwishlist:item=299665907&perks=1840239774,3177308360,2779035018,1015611457,384158423
dimwishlist:item=299665907&perks=4090651448,3177308360,2779035018,1015611457,384158423
dimwishlist:item=299665907&perks=4090651448,3177308360,2779035018,3425386926,384158423
dimwishlist:item=299665907&perks=1392496348,3177308360,2779035018,3425386926,384158423
dimwishlist:item=299665907&perks=1840239774,3177308360,2779035018,3425386926,384158423
dimwishlist:item=208088207&perks=1885400500,1168162263,1015611457,384158423
dimwishlist:item=1161276682&perks=3661387068,1885400500,1168162263,3047969693,384158423
dimwishlist:item=1161276682&perks=1392496348,1885400500,1168162263,3047969693,384158423
dimwishlist:item=3376406418&perks=3177308360,1168162263,1015611457,384158423
dimwishlist:item=3376406418&perks=3177308360,1168162263,3425386926,384158423
dimwishlist:item=2408405461&perks=1392496348,1885400500,247725512,1015611457
dimwishlist:item=1386601612&perks=3177308360,1168162263,1015611457,384158423
dimwishlist:item=1386601612&perks=3177308360,1168162263,3425386926,384158423
dimwishlist:item=1386601612&perks=3230963543,1168162263,3425386926,384158423
dimwishlist:item=1386601612&perks=3230963543,1168162263,1015611457,384158423

//notes:Scout Rifles
dimwishlist:item=2338088853&perks=3661387068,3177308360,1168162263,2458213969,384158423
dimwishlist:item=2338088853&perks=3661387068,3177308360,1168162263,3425386926,384158423
dimwishlist:item=2338088853&perks=3661387068,3230963543,1168162263,3425386926,384158423
dimwishlist:item=2338088853&perks=3661387068,3230963543,1168162263,2458213969,384158423
dimwishlist:item=2314999489&perks=1392496348,3177308360,1168162263,3425386926,384158423
dimwishlist:item=2314999489&perks=1392496348,3177308360,1168162263,2458213969,384158423
dimwishlist:item=2314999489&perks=1392496348,3230963543,1168162263,2458213969,384158423
dimwishlist:item=2314999489&perks=1392496348,3230963543,1168162263,3425386926,384158423
dimwishlist:item=3504336176&perks=1392496348,3177308360,247725512,3425386926,384158423
dimwishlist:item=3504336176&perks=1392496348,3177308360,247725512,2458213969,384158423
dimwishlist:item=1931556011&perks=3177308360,247725512,1015611457,384158423
dimwishlist:item=1931556011&perks=3177308360,247725512,3425386926,384158423
dimwishlist:item=2723241847&perks=3661387068,247725512,3038247973,384158423
dimwishlist:item=1982711279&perks=1392496348,3177308360,1168162263,3425386926,384158423
dimwishlist:item=3501969491&perks=1885400500,1168162263,3425386926,384158423
dimwishlist:item=2478792241&perks=1392496348,1885400500,47981717,957782887,384158423
dimwishlist:item=3799980700&perks=3425386926,1015611457
dimwishlist:item=3799980700&perks=1392496348,3177308360,3425386926,1015611457,384158423
dimwishlist:item=3799980700&perks=1392496348,4134353779,3425386926,1015611457,384158423
dimwishlist:item=3957603605&perks=3177308360,1168162263,3425386926,384158423
dimwishlist:item=3222518097&perks=1885400500,1168162263,1015611457,384158423
dimwishlist:item=3222518097&perks=1885400500,1168162263,3425386926,384158423
dimwishlist:item=1289997971&perks=1392496348,3177308360,1168162263,3425386926
dimwishlist:item=1289997971&perks=1392496348,3177308360,1168162263,2458213969
dimwishlist:item=3751622019&perks=3177308360,1168162263,1015611457,384158423
dimwishlist:item=3751622019&perks=3177308360,1168162263,3425386926,384158423
dimwishlist:item=79075821&perks=1392496348,3230963543,588594999,4082225868,384158423
dimwishlist:item=1723380073&perks=1885400500,47981717,247725512,384158423
dimwishlist:item=3622137132&perks=1885400500,2779035018,2458213969,384158423
dimwishlist:item=3622137132&perks=1885400500,2779035018,2848615171,384158423
dimwishlist:item=3622137132&perks=1885400500,2779035018,3425386926,384158423
dimwishlist:item=2199171672&perks=1392496348,3230963543,247725512,1015611457,384158423
dimwishlist:item=2199171672&perks=1392496348,3230963543,247725512,2458213969,384158423
dimwishlist:item=3937866388&perks=4134353779,3523296417,2387244414,758092021
dimwishlist:item=65611680&perks=1885400500,2779035018,1015611457,384158423
dimwishlist:item=2009277538&perks=1885400500,1168162263,1015611457,384158423
dimwishlist:item=2009277538&perks=1885400500,1168162263,1015611457,758092021

//notes:Submachine Gun
dimwishlist:item=1506719573&perks=2779035018,1015611457
dimwishlist:item=2742490609&perks=2779035018,2848615171
dimwishlist:item=2742490609&perks=1820235745,2848615171
dimwishlist:item=4277547616&perks=1392496348,3230963543,1168162263,1015611457,384158423
dimwishlist:item=4277547616&perks=1392496348,3230963543,1168162263,3523296417,384158423
dimwishlist:item=2222560548&perks=1392496348,3177308360,1820235745,3708227201,384158423
dimwishlist:item=2222560548&perks=1392496348,3177308360,1820235745,3523296417,384158423
dimwishlist:item=2222560548&perks=1392496348,3177308360,1359896290,3523296417,384158423
dimwishlist:item=2222560548&perks=1392496348,3177308360,1359896290,3708227201,384158423
dimwishlist:item=2653316158&perks=1392496348,1885400500,1168162263,3425386926,384158423
dimwishlist:item=2653316158&perks=1392496348,1885400500,1168162263,1015611457,384158423
dimwishlist:item=766323545&perks=1392496348,3177308360,2010801679,2779035018,384158423
dimwishlist:item=766323545&perks=3230963543,2010801679,2779035018,384158423
dimwishlist:item=2663204025&perks=1392496348,3230963543,1168162263,3425386926,758092021
dimwishlist:item=2663204025&perks=1392496348,3230963543,1168162263,2458213969,758092021
dimwishlist:item=2663204025&perks=1392496348,3230963543,1168162263,4082225868,758092021

//notes:Bow
dimwishlist:item=4095896073&perks=852209214,3827198035,201365942,3425386926,1639384016
dimwishlist:item=4095896073&perks=852209214,3827198035,201365942,3425386926,2993547493
dimwishlist:item=720351795&perks=852209214,3429800428,201365942,3425386926,2993547493
dimwishlist:item=720351795&perks=852209214,3429800428,201365942,3425386926,1639384016
dimwishlist:item=3410721600&perks=852209214,3429800428,3425386926,201365942,1639384016
dimwishlist:item=421573768&perks=1784898267,3429800428,201365942,3425386926,2993547493
dimwishlist:item=421573768&perks=1784898267,3429800428,201365942,3425386926,1639384016
dimwishlist:item=2721249463&perks=852209214,3827198035,201365942,3425386926,1639384016
dimwishlist:item=2721249463&perks=852209214,3827198035,201365942,3425386926,2993547493
dimwishlist:item=211938782&perks=852209214,3429800428,201365942,4082225868,2993547493
dimwishlist:item=211938782&perks=852209214,3429800428,201365942,3108830275,2993547493
dimwishlist:item=211938782&perks=852209214,3429800428,201365942,3523296417,2993547493
dimwishlist:item=211938782&perks=852209214,3429800428,201365942,4082225868,2993547493
dimwishlist:item=211938782&perks=852209214,3429800428,201365942,2993547493
dimwishlist:item=211938782&perks=852209214,3429800428,201365942,3523296417,2993547493

//notes:Shotguns
dimwishlist:item=1697682876&perks=1047830412,3142289711,706527188,47981717
dimwishlist:item=1327264046&perks=1047830412,3142289711,3161816588,706527188,2697220197
dimwishlist:item=1327264046&perks=1332244541,3142289711,3161816588,706527188,2697220197
dimwishlist:item=1697682876&perks=1332244541,3142289711,706527188,47981717,2697220197
dimwishlist:item=1697682876&perks=1047830412,3142289711,706527188,47981717,2697220197
dimwishlist:item=3461377698&perks=1047830412,3142289711,3161816588,957782887,2697220197
dimwishlist:item=3461377698&perks=1332244541,3142289711,3161816588,957782887,2697220197
dimwishlist:item=3461377698&perks=1332244541,791862061,3161816588,957782887,2697220197
dimwishlist:item=3461377698&perks=1047830412,791862061,3161816588,957782887,2697220197
dimwishlist:item=2782847179&perks=791862061,1168162263,3425386926,2697220197
dimwishlist:item=2782847179&perks=791862061,1168162263,3425386926,758092021
dimwishlist:item=636912560&perks=1047830412,791862061,3161816588,957782887,2697220197
dimwishlist:item=636912560&perks=1332244541,791862061,3161816588,957782887,2697220197
dimwishlist:item=636912560&perks=1332244541,3142289711,3161816588,957782887,2697220197
dimwishlist:item=636912560&perks=1047830412,3142289711,3161816588,957782887,2697220197
dimwishlist:item=3861448240&perks=1332244541,3142289711,1631667848,2679249093
dimwishlist:item=3861448240&perks=1047830412,3142289711,706527188,47981717,2697220197
dimwishlist:item=3861448240&perks=1332244541,3142289711,706527188,47981717,2697220197
dimwishlist:item=3861448240&perks=1332244541,791862061,706527188,47981717,2697220197
dimwishlist:item=3861448240&perks=1047830412,791862061,706527188,47981717,2697220197
dimwishlist:item=3616586446&perks=791862061,1168162263,1546637391,2697220197
dimwishlist:item=3616586446&perks=791862061,1168162263,1546637391
dimwishlist:item=3616586446&perks=791862061,1168162263,47981717
dimwishlist:item=3616586446&perks=791862061,1168162263,3523296417
dimwishlist:item=64236626&perks=791862061,2869569095,3400784728
dimwishlist:item=2326716489&perks=791862061,706527188,47981717
dimwishlist:item=1807343361&perks=1047830412,791862061,1631667848,2679249093,758092021
dimwishlist:item=1807343361&perks=1332244541,791862061,1631667848,2679249093,758092021
dimwishlist:item=1096206669&perks=3142289711,2779035018,2360754333,758092021
dimwishlist:item=1096206669&perks=106909392,2779035018,2360754333,758092021
dimwishlist:item=2919334548&perks=1047830412,791862061,2779035018,2360754333,758092021
dimwishlist:item=2919334548&perks=1332244541,791862061,2779035018,2360754333,758092021
dimwishlist:item=755130877&perks=1047830412,791862061,1631667848,2679249093,758092021
dimwishlist:item=755130877&perks=1332244541,791862061,1631667848,2679249093,758092021
dimwishlist:item=4117693024&perks=1047830412,3142289711,957782887,706527188,2697220197
dimwishlist:item=4117693024&perks=1332244541,3142289711,957782887,706527188,2697220197
dimwishlist:item=4117693024&perks=1332244541,791862061,957782887,706527188,2697220197
dimwishlist:item=4117693024&perks=1047830412,791862061,957782887,706527188,2697220197
dimwishlist:item=1016668089&perks=1047830412,106909392,706527188,2679249093,758092021
dimwishlist:item=1016668089&perks=1332244541,106909392,706527188,2679249093,758092021
dimwishlist:item=2217366863&perks=1047830412,3142289711,47981717,588594999,2697220197
dimwishlist:item=2217366863&perks=1332244541,3142289711,47981717,588594999,2697220197
dimwishlist:item=2217366863&perks=1332244541,791862061,47981717,588594999,2697220197
dimwishlist:item=2217366863&perks=1047830412,791862061,47981717,588594999,2697220197
dimwishlist:item=3393519051&perks=1047830412,3142289711,3523296417,2679249093,2697220197
dimwishlist:item=3393519051&perks=1332244541,3142289711,3523296417,2679249093,2697220197
dimwishlist:item=4020742303&perks=1047830412,3142289711,2779035018,2679249093,758092021
dimwishlist:item=4020742303&perks=1332244541,3142289711,2779035018,2679249093,758092021
dimwishlist:item=4020742303&perks=1332244541,791862061,2779035018,2679249093,758092021
dimwishlist:item=4020742303&perks=1047830412,791862061,2779035018,2679249093,758092021
dimwishlist:item=346136302&perks=1047830412,3142289711,706527188,957782887,2697220197
dimwishlist:item=346136302&perks=1332244541,3142289711,706527188,957782887,2697220197
dimwishlist:item=346136302&perks=1332244541,791862061,706527188,957782887,2697220197
dimwishlist:item=346136302&perks=1047830412,791862061,706527188,957782887,2697220197
dimwishlist:item=1821724780&perks=1047830412,3142289711,706527188,1546637391,2697220197
dimwishlist:item=1821724780&perks=1332244541,3142289711,706527188,1546637391,2697220197
.dimwishlist:item=1821724780&perks=1332244541,791862061,706527188,1546637391,2697220197
dimwishlist:item=1821724780&perks=1047830412,791862061,706527188,1546637391,2697220197
dimwishlist:item=1821724780&perks=1047830412,791862061,706527188,957782887,2697220197
dimwishlist:item=1821724780&perks=1332244541,791862061,706527188,957782887,2697220197
dimwishlist:item=1821724780&perks=1332244541,3142289711,706527188,957782887,2697220197
dimwishlist:item=1821724780&perks=1047830412,3142289711,706527188,957782887,2697220197
dimwishlist:item=1664372054&perks=1300023272,679225683,2360754333,1631667848
dimwishlist:item=2957367743&perks=1047830412,3142289711,3161816588,957782887,2697220197
dimwishlist:item=2957367743&perks=1047830412,791862061,3161816588,957782887,2697220197
dimwishlist:item=2957367743&perks=1047830412,791862061,3161816588,957782887,2697220197
dimwishlist:item=2957367743&perks=1047830412,791862061,3161816588,957782887,2697220197
dimwishlist:item=3356526253&perks=106909392,4071163871,3425386926,758092021

//notes:Sniper Rifles
dimwishlist:item=2164448701&perks=1168162263,957782887
dimwishlist:item=4190932264&perks=957782887,706527188
dimwishlist:item=4190932264&perks=957782887,588594999
dimwishlist:item=4190932264&perks=957782887,3425386926
dimwishlist:item=3169616514&perks=957782887,47981717
dimwishlist:item=2807687156&perks=106909392,2284787283,1771339417,758092021
dimwishlist:item=3100452337&perks=2420895100,3400784728,247725512,758092021
dimwishlist:item=1873270090&perks=1087426260,247725512,3400784728,758092021
dimwishlist:item=1873270090&perks=957782887,1168162263
dimwishlist:item=3164743584&perks=957782887,47981717
dimwishlist:item=3164743584&perks=957782887,1546637391
dimwishlist:item=3164743584&perks=957782887,1264398905
dimwishlist:item=1684914716&perks=957782887,1168162263
dimwishlist:item=1684914716&perks=2420895100,247725512,3400784728
dimwishlist:item=1253087083&perks=106909392,1354429876,2213355989,758092021
dimwishlist:item=3745990145&perks=1087426260,247725512,3400784728,758092021
dimwishlist:item=3745990145&perks=247725512,3400784728
dimwishlist:item=3454326177&perks=1168162263,957782887
dimwishlist:item=4083045006&perks=1087426260,247725512,3400784728,758092021
dimwishlist:item=4148143418&perks=2420895100,247725512,3400784728,758092021
dimwishlist:item=1115104187&perks=1087426260,1354429876,1771339417,758092021
dimwishlist:item=1115104187&perks=1087426260,247725512,1771339417,758092021
dimwishlist:item=1449922174&perks=957782887,47981717
dimwishlist:item=686951703&perks=1087426260,1168162263,3400784728,758092021
dimwishlist:item=686951703&perks=957782887
dimwishlist:item=1645386487&perks=1087426260,2869569095,1771339417,758092021
dimwishlist:item=4166221755&perks=1087426260,3400784728,1546637391,758092021
dimwishlist:item=3297863558&perks=957782887,1168162263
